test_iter: 158
test_interval: 237
base_lr: 0.00700000021607
display: 29
max_iter: 1896
lr_policy: "step"
gamma: 0.10000000149
momentum: 0.899999976158
weight_decay: 7.00000018696e-05
stepsize: 626
snapshot: 237
snapshot_prefix: "snapshot"
solver_mode: GPU
net: "train_val.prototxt"
solver_type: SGD
